7
108
8
261
7
324
9
1
5
9
9
0
2
1
10
7
12
10
7
345
10
2
0
7
18
9
10
2
0
10
7
27
10
2
0
7
30
9
10
2
0
7
21
7
33
2
3
9
9
9
2
2
9
10
2
0
1
1
9
7
39
9
10
2
0
11
2
2
7
291
7
339
2
1
9
9
9
7
54
9
11
7
90
2
1
9
6
63
66
10
2
0
7
15
9
10
7
81
10
2
0
1
0
9
1
0
9
10
8
96
2
0
9
7
99
9
10
2
1
10
7
117
10
2
0
7
120
9
10
2
0
1
0
9
1
0
9
10
2
0
2
2
9
7
129
9
10
2
0
1
1
9
7
138
9
10
2
1
10
2
0
10
7
156
10
2
0
7
162
9
10
2
0
10
7
171
10
2
0
7
174
9
10
2
0
10
7
183
10
2
0
7
186
9
10
2
0
10
7
195
10
7
159
10
2
0
7
198
9
10
2
0
7
165
7
177
2
3
9
9
9
2
4
7
189
7
204
2
3
9
9
9
2
2
9
9
10
2
0
1
1
9
7
210
9
10
7
147
11
7
237
11
7
123
2
1
9
6
246
249
10
7
252
10
2
0
1
0
9
1
0
9
10
2
0
1
1
9
7
264
9
10
2
0
1
1
9
7
273
9
10
2
0
7
201
9
10
2
0
1
2
9
7
282
9
10
2
0
1
1
9
7
297
9
10
2
0
1
0
9
7
306
9
10
2
0
1
1
9
7
315
9
10
2
0
10
7
333
10
2
0
7
336
9
10
2
1
10
