8
33
8
189
7
249
9
1
5
9
9
0
2
1
10
7
12
10
1
1
2
1
7
258
7
270
2
0
9
9
9
3
11
7
87
2
0
9
6
276
18
10
2
1
10
7
42
10
2
0
7
45
9
10
2
0
1
0
9
1
0
9
10
2
0
2
2
9
7
54
9
10
2
0
1
1
9
7
63
9
10
2
1
10
7
81
10
2
0
7
15
9
10
2
0
7
84
9
10
2
0
10
7
99
10
2
0
7
102
9
10
2
0
10
7
111
10
2
0
7
114
9
10
2
0
10
7
123
10
2
0
7
126
9
10
2
0
10
2
0
7
93
7
105
2
3
9
9
9
2
4
7
117
7
129
2
3
9
9
9
2
2
9
9
10
2
0
1
1
9
7
138
9
10
7
72
11
7
165
11
7
48
2
1
9
6
174
177
10
7
180
10
2
0
1
0
9
1
0
9
10
2
0
1
1
9
7
192
9
10
2
0
1
1
9
7
201
9
10
2
0
1
2
9
7
210
9
10
7
135
10
2
0
1
1
9
7
219
9
10
2
0
1
0
9
7
231
9
10
2
0
1
1
9
7
240
9
10
2
0
7
228
9
10
2
0
10
7
264
10
2
0
7
267
9
10
1
0
11
