8
105
7
171
9
1
5
9
0
2
1
10
7
9
10
7
210
10
2
0
7
15
9
10
2
0
10
7
24
10
2
0
7
27
9
10
2
0
10
7
36
10
2
0
7
39
9
10
2
0
7
204
7
18
2
3
9
9
9
2
4
7
30
7
42
2
3
9
9
9
2
2
9
9
10
2
0
1
1
9
7
48
9
10
2
0
7
12
9
10
7
189
11
7
75
11
7
84
2
1
9
6
90
93
10
7
96
10
2
0
1
0
9
1
0
9
10
2
0
1
1
9
7
108
9
10
2
0
1
1
9
7
117
9
10
2
0
1
2
9
7
126
9
10
2
0
1
1
9
7
135
9
10
2
0
1
0
9
7
144
9
10
2
0
1
0
9
1
0
9
10
2
0
1
1
9
7
153
9
10
2
0
2
2
9
7
162
9
10
2
0
1
1
9
7
180
9
10
2
1
10
7
198
10
2
0
7
201
9
10
2
0
10
