8
36
7
177
8
333
7
393
9
1
5
9
9
9
0
2
1
10
7
15
10
1
1
2
1
7
264
7
405
2
0
9
9
9
3
11
7
75
2
0
9
6
411
21
10
2
1
10
7
45
10
2
0
7
48
9
10
2
0
10
7
57
10
2
0
7
60
9
10
2
0
10
7
69
10
2
0
7
18
9
10
2
0
7
72
9
10
2
1
10
7
87
10
2
0
7
90
9
10
2
0
10
7
99
10
2
0
7
102
9
10
2
0
7
93
7
105
2
3
9
9
9
2
2
9
10
2
0
1
1
9
7
111
9
10
2
0
11
2
0
10
2
2
7
63
7
81
2
1
9
9
9
7
126
9
11
7
51
2
1
9
6
135
141
10
7
156
10
2
0
1
0
9
1
0
9
10
8
165
2
0
9
7
168
9
10
2
1
10
7
186
10
2
0
7
189
9
10
2
0
1
0
9
1
0
9
10
2
0
2
2
9
7
198
9
10
7
138
10
2
0
1
1
9
7
207
9
10
2
1
10
7
228
10
2
0
7
231
9
10
2
0
10
7
240
10
2
0
7
243
9
10
2
0
10
7
252
10
2
0
7
255
9
10
2
0
7
216
9
10
2
0
10
7
270
10
2
0
7
273
9
10
2
0
7
234
7
246
2
3
9
9
9
2
4
7
258
7
276
2
3
9
9
9
2
2
9
9
10
2
0
1
1
9
7
282
9
10
7
219
11
7
309
11
7
192
2
1
9
6
318
321
10
7
324
10
2
0
1
0
9
1
0
9
10
2
0
10
2
0
1
1
9
7
336
9
10
2
0
1
1
9
7
348
9
10
2
0
1
2
9
7
357
9
10
2
0
1
1
9
7
366
9
10
2
0
1
0
9
7
375
9
10
2
0
1
1
9
7
384
9
10
7
345
10
2
0
7
402
9
10
1
0
11
