8
105
8
258
7
318
9
1
5
9
9
7
327
9
0
2
1
10
7
15
10
2
0
10
7
21
10
2
0
7
24
9
10
2
0
10
7
33
10
2
0
7
36
9
10
2
0
2
2
7
333
7
345
2
3
9
9
9
9
2
4
7
27
7
39
2
3
9
9
9
2
2
9
9
10
2
0
1
1
9
7
45
9
10
7
153
11
7
75
11
2
0
7
18
9
10
7
90
2
1
9
6
84
87
10
7
96
10
2
1
10
7
108
10
2
0
7
111
9
10
2
0
1
0
9
1
0
9
10
2
0
2
2
9
7
120
9
10
2
0
1
1
9
7
129
9
10
2
1
10
7
147
10
2
0
1
0
9
1
0
9
10
2
0
7
150
9
10
2
0
10
7
168
10
2
0
7
171
9
10
2
0
10
7
180
10
2
0
7
183
9
10
2
0
10
7
192
10
2
0
7
195
9
10
2
1
10
2
0
7
162
7
174
2
3
9
9
9
2
4
7
186
7
198
2
3
9
9
9
2
2
9
9
10
2
0
1
1
9
7
207
9
10
7
138
11
7
234
11
7
114
2
1
9
6
243
246
10
7
249
10
2
0
1
0
9
1
0
9
10
2
0
1
1
9
7
261
9
10
2
0
1
1
9
7
270
9
10
2
0
1
2
9
7
279
9
10
7
204
10
2
0
1
1
9
7
288
9
10
2
0
1
0
9
7
300
9
10
2
0
1
1
9
7
309
9
10
2
0
1
1
3
10
2
0
7
297
9
10
2
0
10
7
339
10
2
0
7
342
9
10
