8
105
8
351
7
408
9
7
474
9
9
7
510
9
0
2
1
10
7
15
10
2
0
10
7
21
10
2
0
7
24
9
10
2
0
10
7
33
10
2
0
7
36
9
10
2
0
2
2
7
333
7
522
2
3
9
9
9
9
2
4
7
27
7
39
2
3
9
9
9
2
2
9
9
10
2
0
1
1
9
7
45
9
10
7
150
11
7
75
11
2
0
7
18
9
10
7
90
2
1
9
6
84
87
10
7
96
10
2
1
10
7
108
10
2
0
7
111
9
10
2
0
1
0
9
1
0
9
10
2
1
10
7
129
10
2
0
7
132
9
10
2
0
1
0
9
1
0
9
10
2
0
1
0
9
1
0
9
10
2
1
10
7
159
10
2
0
7
162
9
10
2
0
10
7
171
10
2
0
7
174
9
10
2
1
10
7
183
10
2
0
7
186
9
10
2
0
10
2
1
10
7
195
10
2
0
7
201
9
10
2
0
7
165
7
177
2
4
9
9
9
7
189
7
204
2
3
9
9
9
10
7
141
11
7
210
11
2
0
10
7
237
10
2
0
7
240
9
10
2
0
10
7
249
10
7
198
10
2
0
7
252
9
10
2
0
10
7
264
10
2
0
7
267
9
10
2
0
10
7
276
10
2
0
7
279
9
10
2
0
7
135
2
2
9
6
231
234
9
2
4
7
243
7
258
2
3
9
9
9
7
270
7
282
2
2
9
9
9
9
10
2
0
1
1
9
7
288
9
10
7
120
11
2
0
7
255
9
10
7
321
11
7
114
2
1
9
6
330
339
10
7
342
10
2
0
1
0
9
1
0
9
10
2
0
1
1
9
7
354
9
10
2
0
1
1
9
7
363
9
10
2
0
1
2
9
7
372
9
10
2
0
1
1
9
7
381
9
10
2
0
1
0
9
7
390
9
10
2
0
1
1
9
7
399
9
10
2
0
10
2
0
1
0
9
1
0
9
10
2
0
1
1
9
7
420
9
10
2
0
1
1
9
7
429
9
10
2
0
1
2
9
7
438
9
10
2
0
1
1
9
7
447
9
10
2
0
1
0
9
7
456
9
10
2
0
1
1
9
7
465
9
10
2
1
10
7
483
10
2
0
7
486
9
10
7
417
10
2
0
10
7
498
10
2
0
7
501
9
10
7
489
2
0
9
7
504
2
0
9
3
10
2
0
7
495
9
10
