8
63
8
222
7
279
9
1
5
9
9
0
2
1
10
7
12
10
7
306
10
2
0
7
18
9
10
2
0
10
7
27
10
2
0
7
30
9
10
1
0
11
7
288
7
300
2
0
9
9
2
1
7
21
7
33
2
0
9
9
9
3
11
7
78
2
0
9
6
39
42
10
2
1
10
7
72
10
2
0
7
15
9
10
2
0
7
75
9
10
2
0
1
0
9
1
0
9
10
2
0
2
2
9
7
90
9
10
2
0
1
1
9
7
99
9
10
2
1
10
7
117
10
2
0
7
120
9
10
2
0
10
7
129
10
2
0
7
132
9
10
2
1
10
2
0
10
7
144
10
2
0
7
147
9
10
2
0
10
7
156
10
2
0
7
159
9
10
2
0
7
123
7
135
2
3
9
9
9
2
4
7
150
7
162
2
3
9
9
9
2
2
9
9
10
2
0
1
1
9
7
168
9
10
7
108
11
7
195
11
7
141
10
7
84
2
1
9
6
204
207
10
7
213
10
2
0
1
0
9
1
0
9
10
2
0
1
1
9
7
225
9
10
2
0
1
1
9
7
234
9
10
2
0
1
2
9
7
243
9
10
2
0
1
1
9
7
252
9
10
2
0
1
0
9
7
261
9
10
2
0
1
1
9
7
270
9
10
2
0
7
210
9
10
2
0
10
7
294
10
2
0
7
297
9
10
2
0
10
