8
87
8
228
8
474
7
531
9
7
597
9
9
7
33
9
9
0
2
1
10
7
18
10
7
558
10
2
0
7
621
9
10
7
612
2
0
9
7
27
2
0
9
3
10
2
0
7
24
9
10
2
0
10
7
51
10
2
0
7
54
9
10
1
0
11
7
282
7
468
2
0
9
9
2
1
7
45
7
57
2
0
9
9
9
3
11
7
102
2
0
9
6
63
66
10
2
1
10
7
96
10
2
0
7
21
9
10
2
0
7
99
9
10
2
0
1
0
9
1
0
9
10
2
1
10
7
123
10
2
0
7
126
9
10
2
0
10
7
135
10
2
0
7
138
9
10
2
0
10
7
147
10
2
1
10
2
0
7
150
9
10
2
0
10
7
162
10
2
0
7
165
9
10
2
0
2
2
7
129
7
141
2
3
9
9
9
9
2
4
7
156
7
168
2
3
9
9
9
2
2
9
9
10
2
0
1
1
9
7
174
9
10
7
114
11
7
204
11
7
108
2
1
9
6
213
216
10
7
219
10
7
153
10
2
1
10
7
234
10
2
0
7
237
9
10
2
0
1
0
9
1
0
9
10
2
1
10
7
255
10
2
0
7
258
9
10
2
0
1
0
9
1
0
9
10
2
1
10
7
276
10
2
0
7
231
9
10
2
0
7
279
9
10
2
0
10
7
294
10
2
0
7
297
9
10
2
1
10
7
306
10
2
0
7
309
9
10
2
0
10
7
318
10
2
0
7
321
9
10
2
0
10
2
0
7
288
7
300
2
4
9
9
9
7
312
7
324
2
3
9
9
9
10
7
267
11
7
333
11
2
0
10
7
360
10
2
0
7
363
9
10
2
0
10
7
372
10
2
0
7
375
9
10
2
0
10
7
330
10
7
384
10
2
0
7
390
9
10
2
0
10
7
399
10
2
0
7
402
9
10
2
0
7
261
2
2
9
6
354
357
9
2
4
7
366
7
378
2
3
9
9
9
7
393
7
405
2
2
9
9
9
9
10
2
0
1
1
9
7
411
9
10
7
246
11
7
444
11
7
240
2
1
9
6
453
456
10
2
0
7
387
9
10
7
459
10
2
0
1
0
9
1
0
9
10
2
0
1
1
9
7
477
9
10
2
0
1
1
9
7
486
9
10
2
0
1
2
9
7
495
9
10
2
0
1
1
9
7
504
9
10
2
0
1
0
9
7
513
9
10
2
0
1
1
9
7
522
9
10
2
0
1
0
9
1
0
9
10
2
0
1
1
9
7
540
9
10
2
0
10
2
0
1
1
9
7
549
9
10
2
0
1
2
9
7
561
9
10
2
0
1
1
9
7
570
9
10
2
0
1
0
9
7
579
9
10
2
0
1
1
9
7
588
9
10
2
1
10
7
606
10
2
0
7
609
9
10
2
0
10
7
618
10
