8
39
8
180
8
330
7
390
9
1
5
9
9
7
399
9
9
0
2
1
10
7
18
10
1
1
2
1
7
264
7
408
2
0
9
9
9
3
11
7
84
2
0
9
6
414
24
10
2
1
10
7
48
10
2
0
7
51
9
10
2
0
1
0
9
1
0
9
10
2
1
10
7
69
10
2
0
7
72
9
10
2
0
10
2
0
7
21
9
10
7
81
10
2
0
7
90
9
10
2
0
10
7
99
10
2
0
7
102
9
10
2
0
10
7
111
10
2
0
7
114
9
10
2
0
2
2
7
75
7
93
2
3
9
9
9
9
2
4
7
105
7
117
2
3
9
9
9
2
2
9
9
10
2
0
1
1
9
7
123
9
10
2
0
10
7
60
11
7
153
11
7
54
2
1
9
6
165
168
10
7
171
10
2
1
10
7
183
10
2
0
7
186
9
10
2
0
1
0
9
1
0
9
10
2
0
2
2
9
7
195
9
10
2
0
1
1
9
7
204
9
10
7
162
10
2
1
10
7
225
10
2
0
7
228
9
10
2
0
10
7
237
10
2
0
7
240
9
10
2
0
10
7
249
10
2
0
7
252
9
10
2
0
10
2
0
7
222
9
10
7
261
10
2
0
7
270
9
10
2
0
7
231
7
243
2
3
9
9
9
2
4
7
255
7
273
2
3
9
9
9
2
2
9
9
10
2
0
1
1
9
7
279
9
10
7
213
11
7
306
11
7
189
2
1
9
6
315
318
10
7
321
10
2
0
1
0
9
1
0
9
10
2
0
1
1
9
7
333
9
10
2
0
10
2
0
1
1
9
7
342
9
10
2
0
1
2
9
7
354
9
10
2
0
1
1
9
7
363
9
10
2
0
1
0
9
7
372
9
10
2
0
1
1
9
7
381
9
10
2
0
1
1
3
10
7
351
10
2
0
7
405
9
10
1
0
11
