8
33
8
282
7
339
9
7
405
9
9
0
2
1
10
7
12
10
1
1
2
1
7
264
7
417
2
0
9
9
9
3
11
7
84
2
0
9
6
423
18
10
2
1
10
7
42
10
2
0
7
45
9
10
2
0
1
0
9
1
0
9
10
2
1
10
7
63
10
2
0
7
66
9
10
2
0
1
0
9
1
0
9
10
2
0
7
15
9
10
2
1
10
7
90
10
2
0
7
93
9
10
2
0
10
7
102
10
2
0
7
105
9
10
2
1
10
7
114
10
2
0
7
117
9
10
2
0
10
2
0
10
7
126
10
2
0
7
132
9
10
2
0
7
96
7
108
2
4
9
9
9
7
120
7
135
2
3
9
9
9
10
7
75
11
7
141
11
2
0
10
7
168
10
2
0
7
171
9
10
2
0
10
7
180
10
7
129
10
2
0
7
183
9
10
2
0
10
7
195
10
2
0
7
198
9
10
2
0
10
7
207
10
2
0
7
210
9
10
2
0
7
69
2
2
9
6
162
165
9
2
4
7
174
7
189
2
3
9
9
9
7
201
7
213
2
2
9
9
9
9
10
2
0
1
1
9
7
219
9
10
7
54
11
2
0
7
186
9
10
7
252
11
7
48
2
1
9
6
261
270
10
7
273
10
2
0
1
0
9
1
0
9
10
2
0
1
1
9
7
285
9
10
2
0
1
1
9
7
294
9
10
2
0
1
2
9
7
303
9
10
2
0
1
1
9
7
312
9
10
2
0
1
0
9
7
321
9
10
2
0
1
1
9
7
330
9
10
2
0
10
2
0
1
0
9
1
0
9
10
2
0
1
1
9
7
351
9
10
2
0
1
1
9
7
360
9
10
2
0
1
2
9
7
369
9
10
2
0
1
1
9
7
378
9
10
2
0
1
0
9
7
387
9
10
2
0
1
1
9
7
396
9
10
7
348
10
2
0
7
414
9
10
1
0
11
