8
207
7
264
9
7
330
9
0
2
1
10
7
9
10
2
0
7
357
9
10
2
0
10
7
21
10
2
0
7
24
9
10
2
1
10
7
33
10
2
0
7
36
9
10
2
0
10
7
45
10
2
0
7
48
9
10
2
0
7
12
9
10
2
0
7
15
7
27
2
4
9
9
9
7
39
7
51
2
3
9
9
9
10
7
345
11
7
63
11
2
0
10
7
90
10
2
0
7
93
9
10
2
0
10
7
102
10
2
0
7
105
9
10
2
0
10
2
0
1
0
9
1
0
9
10
7
114
10
2
0
7
126
9
10
2
0
10
7
135
10
2
0
7
138
9
10
2
0
7
339
2
2
9
6
84
87
9
2
4
7
96
7
108
2
3
9
9
9
7
129
7
141
2
2
9
9
9
9
10
2
0
1
1
9
7
147
9
10
7
117
11
7
180
11
7
57
2
1
9
6
189
192
10
2
1
10
7
195
10
2
0
1
0
9
1
0
9
10
2
0
1
1
9
7
210
9
10
2
0
1
1
9
7
219
9
10
2
0
1
2
9
7
228
9
10
2
0
1
1
9
7
237
9
10
2
0
1
0
9
7
246
9
10
2
0
1
1
9
7
255
9
10
2
0
1
0
9
1
0
9
10
2
0
1
1
9
7
273
9
10
7
204
10
2
0
1
1
9
7
282
9
10
2
0
1
2
9
7
294
9
10
2
0
1
1
9
7
303
9
10
2
0
1
0
9
7
312
9
10
2
0
1
1
9
7
321
9
10
2
0
7
291
9
10
2
0
1
0
9
1
0
9
10
2
1
10
7
354
10
